100
98
28 18
39 34
81 5
15 3
3 26
60 30
33 29
6 59
93 27
27 49
61 65
27 33
93 5
1 17
19 62
45 86
84 25
68 23
54 79
41 31
51 61
37 33
17 66
42 33
78 28
19 29
63 46
59 14
31 56
39 21
21 91
41 66
1 19
78 94
86 66
70 82
22 6
51 87
46 90
43 4
2 5
94 8
3 8
59 5
77 92
15 11
21 94
96 16
15 74
49 69
22 24
41 13
32 81
20 100
33 60
87 37
34 57
94 6
78 44
66 15
8 11
54 93
27 12
5 29
37 81
58 32
82 61
23 92
65 88
74 44
32 61
53 32
9 31
55 44
35 33
96 82
6 15
61 90
62 94
23 61
54 13
70 83
68 33
41 89
19 34
20 11
97 99
73 95
34 11
11 2
80 81
44 19
29 85
69 29
30 89
3 12
21 59
80 91